4294967278,233
4294967278,230
4294967278,229
4294967278,45
4294967278,44
4294967278,227
4294967278,47
4294967278,46
4294967278,225
4294967278,223
4294967278,221
4294967278,218
4294967278,217
4294967278,215
4294967278,48
4294967279,60
4294967279,59
4294967278,523
4294967278,212
4294967278,521
4294967278,210
4294967279,378
4294967278,569
4294967279,377
4294967278,208
4294967279,376
4294967278,568
4294967279,56
4294967278,520
4294967278,519
4294967278,567
4294967279,375
4294967278,518
4294967278,566
4294967279,374
4294967278,565
4294967279,51
4294967279,50
4294967279,373
4294967278,564
4294967279,372
4294967278,563
4294967279,371
4294967278,562
4294967279,370
4294967278,517
4294967279,369
4294967278,516
4294967279,48
4294967279,46
4294967279,45
4294967279,44
4294967279,43
4294967278,515
4294967278,514
4294967279,368
4294967278,561
4294967278,513
4294967279,367
4294967278,190
4294967278,560
4294967279,366
4294967278,559
4294967279,365
4294967278,558
4294967279,364
4294967278,557
4294967279,363
4294967278,556
4294967279,42
4294967278,555
4294967278,554
4294967279,39
4294967278,553
4294967279,362
4294967278,552
4294967279,361
4294967278,512
4294967279,360
4294967279,37
4294967279,36
4294967278,551
4294967279,359
4294967278,550
4294967279,358
4294967278,549
4294967279,34
4294967279,32
4294967278,548
4294967279,357
4294967278,547
4294967279,356
4294967278,546
4294967278,545
4294967279,355
4294967278,172
4294967278,544
4294967279,354
4294967278,543
4294967279,29
4294967279,28
4294967279,27
4294967279,26
4294967279,25
4294967278,542
4294967279,353
4294967278,541
4294967279,352
4294967278,540
4294967278,539
4294967279,351
4294967278,319
4294967278,166
22,4
4294967278,318
4294967279,24
4294967279,22
4294967279,20
4294967279,19
4294967279,18
4294967279,17
4294967279,15
4294967279,13
4294967279,12
4294967279,11
4294967279,10
4294967278,315
4294967279,166
4294967294,1418
4294967294,1002
4294967279,312
4294967294,107
4294967294,99
4294967294,76
4294967294,389
4294967294,91
4294967294,86
4294967294,85
4294967294,154
4294967294,29
4294967294,393
4294967294,45
4294967294,44
4294967279,160
4294967294,22
22,5
4294967279,159
22,3
22,2
22,1
4294967279,157
4294967294,9
4294967294,8
0,7
4294967294,41
4294967294,43
4294967294,40
13,4
4294967294,127
4294967294,19
4294967294,416
4294967294,52
4294967294,50
4294967294,12
4294967294,470
4294967294,155
4294967294,203
4294967294,82
4294967294,83
4294967294,68
4294967294,11
4294967294,81
4294967294,92
4294967294,88
4294967279,307
4294967279,350
4294967278,538
4294967279,349
4294967278,537
4294967279,348
4294967278,536
4294967279,305
4294967279,149
4294967278,535
4294967279,347
4294967279,346
15,2
14,2
4294967278,534
4294967279,345
4294967279,260
4294967279,174
4294967279,0
4294967294,5
14,4
19,5
19,4
4294967279,344
4294967294,7
4294967278,533
4294967278,260
4294967278,0
15,4
4294967278,132
4294967278,131
4294967278,130
4294967278,129
4294967278,128
4294967278,127
4294967278,126
4294967278,125
4294967278,124
4294967278,123
4294967278,122
4294967278,121
4294967278,120
4294967278,119
4294967278,118
4294967278,117
4294967278,116
4294967278,115
4294967278,114
4294967278,113
4294967278,112
4294967278,111
4294967278,110
4294967278,109
4294967278,108
4294967278,107
4294967278,106
4294967278,105
4294967278,104
4294967278,103
4294967278,102
4294967278,101
4294967278,100
4294967278,99
4294967278,98
4294967278,97
4294967278,96
4294967278,95
4294967278,94
4294967278,93
4294967278,92
4294967278,91
4294967278,90
4294967278,89
4294967278,87
4294967278,86
4294967278,85
4294967278,84
4294967278,83
4294967278,82
4294967278,81
4294967278,80
4294967278,79
4294967278,78
4294967278,77
4294967278,76
4294967278,75
4294967278,74
4294967278,73
4294967278,72
4294967278,71
4294967278,70
4294967278,69
4294967278,68
4294967278,67
4294967278,66
4294967278,65
4294967278,64
4294967278,63
4294967278,62
4294967278,61
4294967278,60
4294967278,59
4294967278,58
4294967278,57
4294967278,56
4294967278,55
4294967278,54
4294967278,53
4294967278,52
4294967278,51
4294967278,50
4294967278,49
4294967279,58
4294967279,57
4294967279,55
4294967279,54
4294967279,53
4294967279,52
4294967279,49
4294967279,47
4294967279,41
4294967279,40
4294967279,38
4294967279,35
4294967279,33
4294967279,31
4294967279,21
4294967279,16
4294967279,14
4294967279,9
4294967279,8
